2.693559999999999945e+03 2.566232009406606632e-02
2.764320000000000164e+03 2.521084319546916530e-02
2.828360000000000127e+03 2.461937680164132808e-02
2.899110000000000127e+03 2.374229296638407163e-02
2.963449999999999818e+03 2.287480838981772319e-02
3.033920000000000073e+03 2.242722222425806711e-02
3.098389999999999873e+03 2.245097834182770841e-02
3.168940000000000055e+03 2.234129066076903300e-02
3.233400000000000091e+03 2.133871155518644175e-02
3.303730000000000018e+03 1.971733064655501258e-02
3.368880000000000109e+03 1.884673952973038580e-02
3.439170000000000073e+03 1.885938884178903555e-02
3.504500000000000000e+03 1.908332183727462841e-02
3.575230000000000018e+03 1.864395740447664929e-02
3.640949999999999818e+03 1.824794109509094917e-02
3.711599999999999909e+03 1.870305765166412407e-02
3.777210000000000036e+03 1.926638921160182816e-02
3.848199999999999818e+03 1.923617005965322369e-02
3.913929999999999836e+03 1.799964969986200466e-02
2.619869999999999891e+03 7.426367739707602500e-02
2.754719999999999800e+03 7.121790597305566184e-02
2.889659999999999854e+03 6.995170761607692744e-02
3.024809999999999945e+03 6.751116299031428847e-02
3.160050000000000182e+03 6.584649112041991714e-02
3.295050000000000182e+03 6.406775276268131258e-02
3.430880000000000109e+03 6.112146280269765974e-02
3.566949999999999818e+03 6.068531970638346013e-02
3.703699999999999818e+03 5.798538636710139776e-02
3.840900000000000091e+03 5.339261563074819417e-02
3.977519999999999982e+03 5.287142841170321128e-02
